0.02134	0.97396
0.02205	0.96906
0.02276	0.9797
0.02347	0.98192
0.02418	0.98562
0.02489	0.9866
0.0256	0.99091
0.02631	0.99629
0.02703	0.99402
0.02774	0.99201
0.02845	1.00164
0.02916	0.99817
0.02987	0.99876
0.03058	0.9975
0.03129	0.99793
0.032	1.00052
0.03272	0.99854
0.03343	0.9939
0.03414	0.99563
0.03485	0.99547
0.03556	0.98929
0.03627	0.98717
0.03698	0.98398
0.03769	0.98297
0.0384	0.98323
0.03912	0.98101
0.03983	0.9737
0.04054	0.9559
0.04125	0.95295
0.04196	0.93928
0.04267	0.93938
0.04338	0.92022
0.04409	0.91827
0.04481	0.90883
0.04552	0.90368
0.04623	0.89649
0.04694	0.88881
0.04765	0.88163
0.04836	0.87344
0.04907	0.86727
0.04978	0.86288
0.05049	0.85017
0.05121	0.84714
0.05192	0.8348
0.05263	0.82716
0.05334	0.81887
0.05405	0.80567
0.05476	0.79216
0.05547	0.78418
0.05618	0.76901
0.0569	0.76171
0.05761	0.74729
0.05832	0.73658
0.05903	0.71722
0.05974	0.70819
0.06045	0.69052
0.06116	0.67317
0.06187	0.6576
0.06259	0.6443
0.0633	0.62394
0.06401	0.61015
0.06472	0.58818
0.06543	0.57061
0.06614	0.55325
0.06685	0.53515
0.06756	0.51271
0.06827	0.49673
0.06899	0.47659
0.0697	0.45973
0.07041	0.43961
0.07112	0.42669
0.07183	0.40739
0.07254	0.39191
0.07325	0.37563
0.07396	0.36292
0.07468	0.34877
0.07539	0.33736
0.0761	0.32551
0.07681	0.31541
0.07752	0.30555
0.07823	0.29765
0.07894	0.28661
0.07965	0.27948
0.08036	0.27328
0.08108	0.26514
0.08179	0.25897
0.0825	0.25396
0.08321	0.24895
0.08392	0.24353
0.08463	0.23652
0.08534	0.23077
0.08605	0.22657
0.08676	0.22123
0.08748	0.21522
0.08819	0.20843
0.0889	0.20301
0.08961	0.19834
0.09032	0.19135
0.09103	0.18508
0.09174	0.18101
0.09245	0.1725
0.09317	0.16678
0.09388	0.16043
0.09459	0.15415
0.0953	0.14875
0.09601	0.14254
0.09672	0.13557
0.09743	0.13008
0.09814	0.12301
0.09885	0.11714
0.09957	0.11239
0.10028	0.1059
0.10099	0.09933
0.1017	0.09442
0.10241	0.08886
0.10312	0.08353
0.10383	0.07865
0.10454	0.07357
0.10525	0.06904
0.10597	0.06427
0.10668	0.06036
0.10739	0.05556
0.1081	0.05218
0.10881	0.04879
0.10952	0.04533
0.11023	0.04239
0.11094	0.03962
0.11166	0.03608
0.11237	0.03456
0.11308	0.03183
0.11379	0.02956
0.1145	0.02826
0.11521	0.02651
0.11592	0.02465
0.11663	0.02324
0.11734	0.02217
0.11806	0.02077
0.11877	0.02
0.11948	0.01909
0.12019	0.01776
0.1209	0.01688
0.12161	0.01668
0.12232	0.01569
0.12303	0.01521
0.12374	0.0143
0.12446	0.01388
0.12517	0.0136
0.12588	0.01308
0.12659	0.0124
0.1273	0.01201
0.12801	0.01165
0.12872	0.01155
0.12943	0.01079
0.13014	0.01068
0.13086	0.00976
0.13157	0.00964
0.13228	0.00926
0.13299	0.00876
0.1337	0.0084
0.13441	0.00788
0.13512	0.00745
0.13583	0.00701
0.13654	0.00671
0.13726	0.00635
0.13797	0.00581
0.13868	0.00529
0.13939	0.00513
0.1401	0.00473
0.14081	0.0044
0.14152	0.00402
0.14223	0.00374
0.14294	0.00346
0.14366	0.003
0.14437	0.00296
0.14508	0.00252
0.14579	0.00237
0.1465	0.00202
0.14721	0.00179
0.14792	0.00152
0.14863	0.00128
0.14934	0.00105
0.15005	0.00102
0.15077	9.05869E-4
0.15148	7.40476E-4
0.15219	5.84267E-4
0.1529	6.06256E-4
0.15361	4.14281E-4
0.15432	4.08606E-4
0.15503	2.28669E-4
0.15574	2.79867E-4
0.15645	1.98731E-4
0.15717	2.23717E-4
0.15788	1.26999E-4
0.15859	1.88729E-4
0.1593	1.47755E-4
0.16001	1.68891E-4
0.16072	1.21136E-4
0.16143	2.07004E-4
0.16214	1.64877E-4
0.16285	2.44451E-4
0.16357	2.13187E-4
0.16428	3.06014E-4
0.16499	2.43052E-4
0.1657	3.17418E-4
0.16641	3.12569E-4
0.16712	3.89483E-4
0.16783	3.60131E-4
0.16854	4.41368E-4
0.16925	3.55388E-4
0.16996	4.01772E-4
0.17068	4.35852E-4
0.17139	4.9169E-4
0.1721	3.86661E-4
0.17281	4.43924E-4
0.17352	3.33253E-4
0.17423	3.71921E-4
0.17494	3.48816E-4
0.17565	4.25156E-4
0.17636	3.67422E-4
0.17708	4.20101E-4
0.17779	3.46504E-4
0.1785	3.77683E-4
0.17921	2.91867E-4
0.17992	3.58547E-4
0.18063	2.5096E-4
0.18134	3.38109E-4
0.18205	2.49E-4
0.18276	3.02089E-4
0.18347	2.40735E-4
0.18419	2.28762E-4
0.1849	2.07451E-4
0.18561	2.3014E-4
0.18632	1.80914E-4
0.18703	2.08193E-4
0.18774	1.45493E-4
0.18845	1.80409E-4
0.18916	1.1214E-4
0.18987	1.45389E-4
0.19058	1.34173E-4
0.1913	1.53422E-4
0.19201	9.83713E-5
0.19272	1.59829E-4
0.19343	1.27694E-4
0.19414	2.2302E-4
0.19485	1.05883E-4
0.19556	1.73849E-4
0.19627	1.18441E-4
0.19698	1.47517E-4
0.19769	1.36697E-4
0.19841	2.00649E-4
0.19912	1.63449E-4
0.19983	1.73046E-4
0.20054	1.40555E-4
0.20125	2.09365E-4
0.20196	2.38843E-4
0.20267	2.25101E-4
0.20338	2.45746E-4
0.20409	2.50585E-4
0.2048	2.69579E-4
0.20552	2.71474E-4
0.20623	2.21221E-4
0.20694	2.76629E-4
0.20765	2.95274E-4
0.20836	3.24948E-4
0.20907	2.4323E-4
0.20978	2.97812E-4
0.21049	3.11992E-4
0.2112	3.26076E-4
0.21191	3.31838E-4
0.21262	3.34829E-4
0.21334	2.8604E-4
0.21405	3.29889E-4
0.21476	3.03089E-4
0.21547	3.45244E-4
0.21618	3.03784E-4
0.21689	3.79155E-4
0.2176	2.83103E-4
0.21831	3.35423E-4
0.21902	2.60038E-4
0.21973	2.97547E-4
0.22045	2.47815E-4
0.22116	2.65413E-4
0.22187	2.18723E-4
0.22258	2.75468E-4
0.22329	2.27741E-4
0.224	2.87989E-4
0.22471	2.03023E-4
0.22542	2.15274E-4
0.22613	1.95322E-4
0.22684	2.10081E-4
0.22755	1.68562E-4
0.22827	1.78221E-4
0.22898	1.11677E-4
0.22969	1.68262E-4
0.2304	1.38734E-4
0.23111	1.35793E-4
0.23182	9.65184E-5
0.23253	1.32463E-4
0.23324	1.03405E-4
0.23395	1.13027E-4
0.23466	7.55361E-5
0.23537	1.45678E-4
0.23609	8.3697E-5
0.2368	9.20358E-5
0.23751	7.09613E-5
0.23822	9.02666E-5
0.23893	7.17552E-5
0.23964	9.09437E-5
0.24035	4.47328E-5
0.24106	1.07283E-4
0.24177	5.2883E-5
0.24248	7.78936E-5
0.24319	4.65995E-5
0.24391	7.86309E-5
0.24462	4.39528E-5
0.24533	6.39615E-5
0.24604	4.48799E-5
0.24675	8.59683E-5
0.24746	6.81073E-5
0.24817	7.84504E-5
0.24888	4.08645E-5
0.24959	1.07109E-4
0.2503	5.92072E-5
0.25101	9.37686E-5
0.25173	3.92485E-5
0.25244	9.7845E-5
0.25315	6.88731E-5
0.25386	9.84417E-5
0.25457	7.19129E-5
0.25528	1.03585E-4
0.25599	7.71892E-5
0.2567	9.05593E-5
0.25741	6.54742E-5
0.25812	9.79408E-5
0.25883	7.74639E-5
0.25954	8.7328E-5
0.26026	7.70407E-5
0.26097	1.03555E-4
0.26168	7.88431E-5
0.26239	8.19519E-5
0.2631	5.96411E-5
0.26381	1.04642E-4
0.26452	6.70103E-5
0.26523	8.65513E-5
0.26594	7.9764E-5
0.26665	1.06795E-4
0.26736	7.39056E-5
0.26807	7.26257E-5
0.26879	5.08116E-5
0.2695	1.17529E-4
0.27021	6.12984E-5
0.27092	7.50813E-5
0.27163	3.74424E-5
0.27234	8.32253E-5
0.27305	6.38528E-5
0.27376	9.02232E-5
0.27447	4.55241E-5
0.27518	9.82049E-5
0.27589	5.5822E-5
0.2766	7.24872E-5
0.27731	3.14354E-5
0.27803	7.73424E-5
0.27874	5.00401E-5
0.27945	5.61519E-5
0.28016	3.11164E-5
0.28087	9.10437E-5
0.28158	6.19186E-5
0.28229	5.14689E-5
0.283	3.79913E-5
0.28371	6.55501E-5
0.28442	5.00614E-5
0.28513	6.52233E-5
0.28584	3.45637E-5
0.28655	6.38857E-5
0.28727	3.54042E-5
0.28798	5.54979E-5
0.28869	3.62365E-5
0.2894	5.92417E-5
0.29011	3.70605E-5
0.29082	5.19578E-5
0.29153	3.38896E-5
0.29224	6.46313E-5
0.29295	4.06685E-5
0.29366	4.94758E-5
0.29437	1.87554E-5
0.29508	5.51459E-5
0.29579	4.91191E-5
0.29651	5.97817E-5
0.29722	2.83528E-5
0.29793	6.24225E-5
0.29864	4.37864E-5
0.29935	5.63018E-5
0.30006	3.97053E-5
0.30077	6.47309E-5
0.30148	4.81927E-5
0.30219	4.71178E-5
0.3029	2.39833E-5
0.30361	6.50819E-5
0.30432	4.77426E-5
0.30503	5.42997E-5
0.30574	2.66115E-5
0.30646	7.96495E-5
0.30717	4.35166E-5
0.30788	5.5686E-5
0.30859	3.10747E-5
0.3093	6.4825E-5
0.31001	4.03056E-5
0.31072	5.89173E-5
0.31143	1.77282E-5
0.31214	7.07512E-5
0.31285	4.36546E-5
0.31356	4.63358E-5
0.31427	2.95879E-5
0.31498	6.27324E-5
0.31569	4.51025E-5
0.3164	4.68379E-5
0.31712	1.83267E-5
0.31783	7.58856E-5
0.31854	3.46653E-5
0.31925	5.64332E-5
0.31996	3.54195E-5
0.32067	6.16202E-5
0.32138	3.43587E-5
0.32209	3.42829E-5
0.3228	2.97064E-5
0.32351	5.83841E-5
0.32422	4.83974E-5
0.32493	5.36573E-5
0.32564	2.94471E-5
0.32635	6.05467E-5
0.32706	4.70883E-5
0.32778	4.96458E-5
0.32849	1.59231E-5
0.3292	5.56104E-5
0.32991	3.78746E-5
0.33062	4.30666E-5
0.33133	3.85891E-5
0.33204	5.68847E-5
0.33275	3.14381E-5
0.33346	4.44424E-5
0.33417	2.86957E-5
0.33488	5.29309E-5
0.33559	3.11718E-5
0.3363	5.44354E-5
0.33701	2.67292E-5
0.33772	6.10896E-5
0.33843	3.34858E-5
0.33914	5.4836E-5
0.33986	2.56506E-5
0.34057	5.80201E-5
0.34128	3.49099E-5
0.34199	4.41839E-5
0.3427	2.45899E-5
0.34341	5.92322E-5
0.34412	3.96881E-5
0.34483	4.71905E-5
0.34554	3.11153E-5
0.34625	6.04245E-5
0.34696	3.35004E-5
0.34767	5.01479E-5
0.34838	2.08523E-5
0.34909	6.32621E-5
0.3498	4.15352E-5
0.35051	4.0622E-5
0.35122	2.97844E-5
0.35193	5.77971E-5
0.35265	3.37844E-5
0.35336	4.11176E-5
0.35407	1.96969E-5
0.35478	6.962E-5
0.35549	3.43317E-5
